%YAML:1.0
---
myHogDector_1: !!opencv-object-detector-hog
   winSize: [ 64, 128 ]
   blockSize: [ 16, 16 ]
   blockStride: [ 8, 8 ]
   cellSize: [ 8, 8 ]
   nbins: 9
   derivAperture: 1
   winSigma: 4.
   histogramNormType: 0
   L2HysThreshold: 2.0000000000000001e-01
   gammaCorrection: 1
   nlevels: 64
   signedGradient: 0
   SVMDetector: [ 4.62799612e-03, -2.79115792e-02, -2.34616268e-02,
       2.78612617e-02, 2.46749204e-02, -4.97939950e-03, -1.11410925e-02,
       -2.94247456e-02, 6.24968996e-03, 3.54997814e-02, -1.40568092e-02,
       4.65554127e-04, -3.21380305e-03, -1.58209186e-02, 2.37241834e-02,
       1.69950929e-02, 1.79817732e-02, 1.16963936e-02, 2.28547342e-02,
       -1.75942071e-02, 2.42995145e-03, 8.90077441e-04, -3.09766410e-03,
       -6.29696622e-03, -2.49140467e-02, -4.29352336e-02, 2.42898776e-03,
       2.64307801e-02, -1.18669467e-02, 3.87748959e-03, 3.11776530e-03,
       -2.05586087e-02, 9.23852250e-03, -1.68726931e-03, 3.47411702e-03,
       -1.66502018e-02, 1.77949555e-02, -7.99280312e-03, 1.35762440e-02,
       1.20803127e-02, 2.19136514e-02, 2.13715844e-02, 1.12912839e-03,
       9.50608123e-03, 4.17577811e-02, 1.38253765e-02, -9.59599670e-03,
       1.59203280e-02, 1.03433114e-02, 3.90713010e-03, 2.00278182e-02,
       -2.33882995e-04, 2.25380082e-02, 3.10110189e-02, 1.22685237e-02,
       4.71716048e-03, 8.74339894e-04, 8.54143314e-03, 6.99034287e-03,
       1.87784862e-02, -1.38673531e-02, 1.74376240e-03, -6.36127777e-03,
       2.95319427e-02, -5.44990879e-03, -1.84351243e-02, 7.10435119e-03,
       -1.87471937e-02, 4.15227339e-02, 3.10089136e-03, -9.35836695e-03,
       2.00654827e-02, 8.95782188e-03, 3.56605597e-04, 2.17670593e-02,
       5.65767428e-03, 1.08980015e-02, 2.26942338e-02, 3.23772081e-03,
       1.34363910e-03, -1.10750590e-02, 1.32416105e-02, -3.00142611e-03,
       9.37703531e-03, 1.70175638e-02, 3.19863632e-02, 1.60645861e-02,
       -5.54105209e-04, 1.47501528e-02, 1.07163610e-02, -2.19418705e-02,
       -4.21318179e-03, 4.72731330e-03, 6.63720304e-03, -2.20937803e-02,
       1.58769377e-02, 1.41293351e-02, 1.09995138e-02, -1.49688795e-02,
       1.17746310e-03, -1.48439198e-03, 1.11028580e-02, 4.34555160e-03,
       -1.71934571e-02, -6.83578057e-03, 2.25488544e-02, 2.48407237e-02,
       -7.56170508e-03, -9.38416738e-03, -4.96766111e-03,
       -1.98677536e-02, -2.77459621e-02, 5.24121523e-03, -2.62625851e-02,
       -3.89099517e-03, 4.77437954e-03, -4.72011277e-03, -4.89848712e-03,
       -4.83749993e-03, -3.18445936e-02, -1.92036200e-02,
       -1.64608825e-02, -2.27205679e-02, -8.17062147e-03,
       -1.92169324e-02, 1.54857029e-04, 7.36037083e-03, 9.80774593e-03,
       3.92812537e-03, 6.93925016e-04, -2.24835854e-02, -1.98712684e-02,
       -6.06260309e-03, 1.47901773e-02, -9.29112211e-05, 1.50301005e-03,
       3.43804457e-03, 3.25362707e-05, -5.06545976e-03, -1.49813360e-02,
       -2.84369290e-03, -8.57373234e-03, -6.11398555e-03, 5.51859289e-03,
       -2.16250513e-02, 9.65665001e-03, -3.43753062e-02, 1.06502622e-02,
       1.33321546e-02, 3.92123265e-03, 1.68184540e-03, -6.22283341e-03,
       3.01435683e-03, -2.43735947e-02, -2.37652045e-02, -5.38166761e-02,
       -1.13164205e-02, -4.24291240e-04, -2.36802418e-02,
       -2.92676240e-02, -7.52910087e-03, 2.05747713e-03, 5.30131627e-03,
       3.37275602e-02, -1.08314045e-02, 1.55347725e-02, 1.81388967e-02,
       2.28897464e-02, 1.83112659e-02, 1.26027344e-02, -1.10576674e-03,
       -2.88959667e-02, -1.65502448e-02, -4.43853065e-02,
       -5.42292604e-03, 1.83893479e-02, -5.09135844e-03, 7.57327443e-03,
       -5.39338589e-03, -2.06844285e-02, -2.39464305e-02,
       -3.02663557e-02, -4.91462387e-02, 1.77338049e-02, 2.33470388e-02,
       5.18886279e-03, -5.92936995e-03, 2.11499725e-02, -1.04328021e-02,
       -6.95642829e-03, 7.72014679e-03, -2.70742420e-02, 5.12982998e-03,
       -3.16340872e-03, -3.20867002e-02, -2.02127919e-02, 4.74791741e-03,
       -1.54387569e-02, 1.65855233e-02, 1.40046643e-03, -2.54026279e-02,
       4.87938002e-02, 1.75891127e-02, 2.72870511e-02, 2.56704795e-03,
       3.87933408e-03, -1.15636904e-02, 3.57016386e-03, 4.03530486e-02,
       1.20787881e-03, 2.18136068e-02, -9.89923067e-03, -1.22087467e-02,
       -2.08449364e-02, -2.20646728e-02, -2.08851583e-02, 3.32495524e-03,
       2.75840461e-02, -4.28927736e-03, 2.53034034e-03, 2.56842691e-02,
       -1.90587807e-02, -1.52742537e-02, 2.08950192e-02, 2.78186332e-02,
       -2.28942931e-02, -8.70751683e-03, -1.97679400e-02,
       -1.98853482e-02, -4.11492714e-04, -1.28075685e-02,
       -2.35455092e-02, 2.01773848e-02, -6.21178467e-03, 6.95902342e-03,
       1.51816038e-02, 1.35332048e-02, 2.68213823e-02, 1.56264249e-02,
       1.24265440e-02, -4.75554680e-03, 2.65469011e-02, 1.25917736e-02,
       -2.43532434e-02, -2.60378029e-02, -8.42875522e-03,
       -2.90219430e-02, 1.46182654e-02, 1.19302832e-02, -3.11858151e-02,
       1.72435250e-02, 3.87964305e-03, -8.12910963e-03, 5.81465475e-03,
       -1.46403806e-02, 8.70788842e-03, 6.37999969e-03, 9.60715301e-03,
       -1.32673690e-02, 2.13760603e-02, -1.61344651e-02, -2.42660381e-03,
       -1.70607716e-02, -1.75586483e-03, -1.90857649e-02, 5.98656386e-03,
       1.42593412e-02, -1.18895695e-02, 3.93010303e-02, -2.62991115e-02,
       -8.48694518e-03, 9.63091198e-03, 6.91227801e-03, 1.85600501e-02,
       2.80572027e-02, 2.52747517e-02, -2.59624254e-02, 2.38158777e-02,
       -1.05695194e-02, -1.31862424e-02, 1.05514005e-02, -1.36599625e-02,
       4.23760992e-03, -1.45092858e-02, 8.65090406e-04, 3.34627141e-04,
       1.39436359e-02, -3.59905548e-02, 3.15873604e-03, 7.91544281e-03,
       1.61144994e-02, 1.84902549e-03, -1.92919956e-03, 4.15972434e-03,
       -2.19879989e-02, 9.50126722e-03, 2.98097753e-03, 5.06460143e-04,
       -8.66010878e-03, -7.26707233e-03, 3.71965056e-04, -1.96122415e-02,
       -8.17820244e-03, -4.08306345e-02, -2.38906872e-02,
       -1.85201317e-02, 1.32006500e-03, -1.55173456e-02, -4.37121931e-03,
       4.20192815e-03, -2.32138648e-03, 3.65005137e-04, 9.69837233e-03,
       2.03311443e-02, -2.02204362e-02, -1.95095968e-02, -2.59623583e-02,
       -4.00255015e-03, -8.01479258e-03, 1.73650833e-03, -1.27937589e-02,
       -2.08178405e-02, 8.16826068e-04, -1.23335784e-02, -5.45385247e-03,
       4.75207949e-03, -1.31820822e-02, 2.71831173e-03, -4.04710397e-02,
       -3.26795573e-03, -2.28409376e-02, -7.31997518e-03, 4.57897829e-03,
       6.49331976e-03, -2.49327696e-03, -5.01574837e-02, -1.94776226e-02,
       -1.84735470e-02, 6.95453864e-03, -1.97718963e-02, -1.85970049e-02,
       -1.82736374e-03, 2.43432838e-02, 2.88832793e-03, 9.73241590e-03,
       1.54771600e-02, -1.62006915e-02, 1.23584848e-02, 1.28259009e-03,
       1.38531327e-02, -2.22306163e-03, 1.65343913e-03, -9.53903794e-03,
       -1.17833875e-02, 1.91557501e-02, -1.55665651e-02, 4.61757276e-03,
       -2.09835973e-02, -2.51352461e-03, -1.26614533e-02, 3.06512229e-02,
       1.03154657e-02, -3.47869545e-02, 1.36622861e-02, -5.30208042e-03,
       8.70295055e-03, -9.18031484e-03, 1.53984567e-02, 2.43086889e-02,
       -1.69650447e-02, -1.33629767e-02, -1.12819858e-02, 5.55485894e-04,
       -2.07398217e-02, -9.16586816e-03, -3.78191732e-02, 3.99990182e-04,
       -1.19657964e-02, 7.97433499e-03, 9.33790207e-03, 1.00689782e-02,
       4.40113284e-02, 1.10555561e-02, 3.08019258e-02, 1.48352631e-03,
       2.61455625e-02, -1.45426420e-02, -2.15149894e-02, -6.47916412e-03,
       -8.26899055e-03, 1.84293687e-02, 1.06446985e-02, 7.31244404e-03,
       -4.93883761e-03, -9.61026922e-03, -1.95354503e-02,
       -2.88374778e-02, -5.43676550e-03, -9.88732558e-04, 2.93662231e-02,
       2.64620166e-02, -2.64203982e-06, -2.93312874e-02, 1.45730386e-02,
       -2.69892346e-03, -2.35558432e-02, -2.55188551e-02,
       -5.13974838e-02, -3.13801169e-02, -5.37534710e-04,
       -2.90060360e-02, -3.16838771e-02, 9.92580038e-03, -6.26442023e-03,
       3.40238470e-03, 1.27511909e-02, -1.49796968e-02, 2.33054683e-02,
