%YAML:1.0
---
myHogDector_2: !!opencv-object-detector-hog
   winSize: [ 64, 128 ]
   blockSize: [ 16, 16 ]
   blockStride: [ 8, 8 ]
   cellSize: [ 8, 8 ]
   nbins: 9
   derivAperture: 1
   winSigma: 4.
   histogramNormType: 0
   L2HysThreshold: 2.0000000000000001e-01
   gammaCorrection: 1
   nlevels: 64
   signedGradient: 0
   SVMDetector: [ 3.32951322e-02, -4.00675647e-02, -2.23865341e-02,
       1.70856267e-02, 2.26203203e-02, -3.76177323e-03, 5.40993223e-03,
       -3.36857862e-03, 4.76897620e-02, 4.05685939e-02, -1.61597636e-02,
       1.49827227e-02, -1.24081364e-02, 1.00706648e-02, 1.54294735e-02,
       1.26009015e-02, 1.17338337e-02, 2.18286086e-02, 3.62166273e-03,
       -1.50369685e-02, -7.87241850e-03, 1.50415590e-02, -1.03552015e-02,
       -3.24329827e-04, -1.19811567e-02, -2.09216140e-02, 1.41654741e-02,
       -5.77996206e-03, -1.41848959e-02, 1.06742568e-02, 1.13363806e-02,
       -2.36584991e-02, 1.58214271e-02, -4.25116019e-03, -2.77272705e-03,
       -1.88176148e-02, 1.10163288e-02, -1.72610935e-02, 2.31125355e-02,
       3.84084973e-03, 1.74984112e-02, 2.64553037e-02, -2.62011657e-03,
       1.37325870e-02, 2.15089470e-02, 1.10228779e-02, -1.40433945e-02,
       3.76593843e-02, 2.41426211e-02, 2.11486127e-03, 7.81535078e-03,
       1.63450744e-02, 2.17590313e-02, 1.19442921e-02, 6.82886969e-03,
       -4.18960210e-03, 1.18369870e-02, 1.18979476e-02, 9.77798831e-03,
       1.77120548e-02, -2.86250301e-02, -5.55259502e-03, -1.35025950e-02,
       3.47800143e-02, -6.35194359e-03, -1.50245605e-02, -1.91694315e-04,
       -1.66133884e-02, 2.76540648e-02, 1.22107845e-02, -1.86594781e-02,
       3.30761895e-02, 2.74794456e-03, 1.77139346e-03, 2.71072295e-02,
       1.38140386e-02, 1.10330526e-02, 3.86018399e-03, 1.68759003e-02,
       2.26672203e-03, -3.99181619e-02, 2.78116278e-02, 2.17292807e-03,
       1.07114967e-02, 6.62059570e-03, 3.62279117e-02, 1.09000187e-02,
       2.80308779e-02, -1.00297877e-03, 8.09896085e-03, -7.38797570e-03,
       1.91746873e-03, 9.00422689e-03, -6.64044963e-03, -2.88649742e-02,
       4.77110781e-03, 1.33800684e-02, 4.78704553e-03, -1.90296711e-03,
       -3.02885612e-03, -2.15018131e-02, -3.02560348e-03,
       -8.44403077e-03, -3.72731127e-02, -1.38006052e-02, 2.56209597e-02,
       3.19340974e-02, -4.90212487e-03, 1.89956203e-02, -3.42237996e-03,
       3.01807933e-03, 4.55127005e-03, 2.14701369e-02, 1.53418565e-02,
       5.10353828e-03, -1.26577439e-02, -8.54917150e-03, 1.18424762e-02,
       1.42334634e-02, -3.24538630e-03, -2.51139572e-04, -2.82465704e-02,
       -8.03166162e-03, -3.58762546e-03, -8.13608337e-03,
       -1.11066308e-02, -2.28739245e-05, -1.56930983e-02, 1.37407966e-02,
       8.87281421e-05, -6.37502829e-03, -4.85006999e-03, 6.02508150e-03,
       1.66267343e-02, -2.60856468e-02, -1.06975464e-02, -5.71808778e-03,
       4.51843673e-03, -1.83114372e-02, -2.71040518e-02, 3.61538841e-04,
       -4.74048918e-03, 8.86331219e-03, 2.17033536e-04, 2.83068465e-03,
       3.15310284e-02, -4.71466035e-03, 1.04039563e-02, 9.95789468e-03,
       -2.36687306e-02, -9.34126973e-03, 9.39883105e-03, 2.75676185e-03,
       -1.52308643e-02, -2.99565750e-03, -3.66652608e-02,
       -7.82590546e-03, 2.18703598e-02, -3.01443543e-02, -1.07537983e-02,
       1.42830154e-02, 1.93434767e-02, 1.35848671e-02, 3.93033177e-02,
       -4.47824365e-03, 1.92272605e-03, -4.36769519e-03, 1.44779030e-02,
       1.52171832e-02, 3.55181694e-02, 7.81301688e-03, -1.35229658e-02,
       1.51090277e-02, -2.53700521e-02, -1.62738264e-02, -2.11210153e-03,
       -2.22387854e-02, -5.00614243e-03, -3.87795665e-03,
       -1.83886557e-03, -2.26313714e-02, -1.00907469e-02,
       -2.95585487e-02, 1.49352103e-02, 1.78195443e-02, 1.21871727e-02,
       -1.91504101e-03, 2.29982045e-02, 5.75632369e-03, -1.81717593e-02,
       -7.20521947e-03, -1.64262541e-02, 1.50863198e-03, -1.34160677e-02,
       -1.63081829e-02, -1.71494372e-02, 1.55609436e-02, -7.65374396e-03,
       4.26083012e-03, 1.26224561e-02, -1.59807391e-02, 3.65652554e-02,
       -4.56100842e-03, 2.86581889e-02, 3.42992530e-03, -3.28776613e-03,
       -1.47232916e-02, -1.77097674e-02, 2.00804397e-02, -4.96820407e-03,
       3.53761110e-03, -2.49726581e-03, -1.03062149e-02, -1.98369846e-02,
       -7.32262386e-03, -8.24732147e-03, 5.43220481e-03, 1.31462691e-02,
       -1.92749575e-02, 3.42494575e-03, 3.49665992e-02, -1.94389671e-02,
       -1.82580911e-02, 2.65383087e-02, 3.47037502e-02, -5.27022500e-03,
       -1.93247497e-02, -5.49450517e-02, -1.22318724e-02, 2.82773040e-02,
       -2.65096314e-02, -2.83834208e-02, 1.44063132e-02, -2.11875071e-03,
       1.31822180e-03, -4.64481488e-03, 9.07090493e-03, 2.84852460e-02,
       2.34171096e-02, 7.06861785e-04, -1.66291203e-02, 2.52443720e-02,
       9.94938612e-03, -2.75889467e-02, -2.07876414e-02, 4.79001639e-04,
       -1.44855548e-02, 2.95817014e-02, -5.92685828e-04, -4.49797064e-02,
       4.25484916e-03, 3.66123486e-03, 1.14828325e-03, -1.16520682e-02,
       -2.44582277e-02, 1.28425090e-02, 2.20426153e-02, 1.26885576e-02,
       -8.55274312e-03, 1.32329166e-02, -2.22087484e-02, -1.40395192e-02,
       -9.06221010e-03, -2.20589396e-02, -3.25418822e-02, 8.04745127e-03,
       1.76035240e-02, -7.94521999e-03, 3.76651809e-02, -1.39713883e-02,
       -1.13567966e-03, -3.56297661e-03, 7.77186779e-03, 1.62888207e-02,
       2.06132662e-02, 3.96729559e-02, -2.11520772e-02, 2.96820421e-02,
       4.96213976e-03, -1.69394575e-02, -1.53385065e-02, -4.16211821e-02,
       -1.30417012e-02, -2.74046622e-02, -2.45318841e-03,
       -2.88714399e-03, 1.77428983e-02, -1.66057236e-03, -1.76120643e-02,
       3.78243485e-03, -4.89972020e-03, -4.42751404e-03, 2.98488187e-03,
       6.14705868e-03, -9.28144623e-03, 2.93404944e-02, 6.86787954e-03,
       -1.00500183e-02, -1.54273501e-02, -3.03934608e-03, 8.91200174e-03,
       -1.17609953e-03, 6.17841142e-04, -1.97392777e-02, -3.75430728e-03,
       -8.28704052e-03, -1.28173549e-02, -2.20806934e-02,
       -5.78688784e-03, 1.09492680e-02, 2.43176677e-04, -1.16925528e-02,
       1.53313868e-03, 1.92738324e-02, 6.97250012e-03, -3.38831358e-02,
       -2.11834460e-02, 1.54121807e-02, 1.38009582e-02, 9.87256691e-03,
       -1.37422429e-02, -1.70583706e-02, -1.68110970e-02,
       -9.16772150e-03, -2.17508934e-02, 4.41879407e-03, -1.04895476e-02,
       2.10837112e-03, -2.25082524e-02, 2.56826403e-03, -1.81890614e-02,
       -1.22247860e-02, -7.82617368e-03, 4.31784010e-03, -3.57027724e-03,
       -2.51410492e-02, -1.68555304e-02, -1.56820547e-02,
       -4.28243913e-03, -2.59093810e-02, -1.53441466e-02, 9.47719999e-03,
       1.42788468e-02, 8.68218206e-03, 4.43589222e-03, 1.22853676e-02,
       -1.77845005e-02, 2.24664789e-02, 1.79616399e-02, 7.15354225e-04,
       1.60019239e-03, 6.45163516e-03, 3.57865915e-03, -2.88018375e-03,
       2.52541620e-02, -1.76579673e-02, -1.83237647e-03, -1.12230256e-02,
       6.66136714e-03, 2.44206213e-03, 2.12629028e-02, 2.58918409e-03,
       -2.83416770e-02, 3.16833030e-03, 1.70044252e-03, 3.22449137e-03,
       5.81235113e-03, 2.44690012e-02, 2.97412705e-02, -1.54855987e-02,
       5.06548351e-03, -2.77668834e-02, 4.05118661e-03, -8.74141324e-03,
       -2.30204239e-02, -2.33788975e-02, 1.05417790e-02, -6.36713160e-03,
       2.45843828e-03, -1.13809491e-02, 4.01319144e-03, 3.71751115e-02,
       1.14971185e-02, 1.62689909e-02, -8.07330105e-03, 3.55969146e-02,
       -1.74148148e-03, -1.73465610e-02, -1.40408836e-02,
       -1.62011869e-02, 2.06786431e-02, -3.06058722e-03, -2.37553194e-03,
       -1.53370099e-02, -1.57933202e-04, -2.52630358e-04,
       -2.18200069e-02, 1.22387893e-02, -1.26503175e-02, 7.40796654e-03,
       4.10576724e-03, -8.23737588e-03, -3.10378056e-02, 1.56420153e-02,
       -4.72085876e-03, -1.00403568e-02, -6.66611083e-03,
       -3.22415456e-02, -2.75694877e-02, 7.92612729e-04, -1.54011920e-02,
       -3.53711359e-02, -4.50068433e-03, -9.48016904e-03, 9.15144943e-03,
