%YAML:1.0
---
myHogDector_4: !!opencv-object-detector-hog
   winSize: [ 64, 128 ]
   blockSize: [ 16, 16 ]
   blockStride: [ 8, 8 ]
   cellSize: [ 8, 8 ]
   nbins: 9
   derivAperture: 1
   winSigma: 4.
   histogramNormType: 0
   L2HysThreshold: 2.0000000000000001e-01
   gammaCorrection: 1
   nlevels: 64
   signedGradient: 0
   SVMDetector: [ 2.83689201e-02, -5.63221164e-02, -1.45850740e-02,
       2.28883903e-02, 1.13781998e-02, -1.63029470e-02, -4.44654375e-03,
       -2.02254485e-02, 2.36163475e-02, 2.93171052e-02, -1.32073788e-02,
       1.23786610e-02, -2.77693034e-03, 1.08620981e-02, 1.51497712e-02,
       3.06434669e-02, 2.11240817e-02, 5.67187928e-03, 6.23945903e-04,
       -2.80268006e-02, 1.01181341e-03, 1.28339594e-02, 1.55572528e-02,
       -5.98605070e-03, -5.33283921e-03, -2.32103001e-02,
       -8.50973558e-03, -1.37865846e-03, -3.47302388e-03, 2.13044882e-02,
       3.93750854e-02, -1.84042566e-02, 2.67105158e-02, 1.43508110e-02,
       1.19856754e-02, -3.11207715e-02, -4.47983388e-03, 2.31481437e-03,
       1.85469771e-03, -3.38167837e-03, 2.14364957e-02, 8.12175684e-03,
       7.51647959e-03, 2.52211969e-02, 2.12840103e-02, 6.50493486e-04,
       -2.53874087e-03, 1.39641380e-02, 3.10545904e-03, -1.26859555e-02,
       1.37143098e-02, 1.11074336e-02, 2.23406646e-02, 2.13940553e-02,
       -1.72970649e-02, 6.99617201e-03, 4.41811373e-03, 1.29565243e-02,
       -5.75170088e-05, 3.06310249e-04, -1.90237090e-02, 5.00447163e-03,
       -2.66122650e-02, 4.09632958e-02, 4.58705192e-03, -7.17938785e-03,
       4.55630198e-03, -2.96030287e-03, 1.87783483e-02, 2.21009809e-03,
       -2.40541846e-02, 1.66425277e-02, 6.90849219e-03, 3.56194796e-04,
       1.78487971e-02, 1.63874682e-02, 2.09683832e-02, 1.40466122e-03,
       8.13052524e-03, -7.40206218e-04, -1.30082173e-02, 2.06236131e-02,
       -1.78218596e-02, -5.17640961e-03, 1.18426923e-02, 2.78190747e-02,
       -7.36793643e-03, 3.33155021e-02, 8.17912351e-03, 3.20978761e-02,
       1.18125677e-02, 1.43233044e-02, 7.50870444e-03, -4.89588128e-04,
       -1.96954869e-02, 1.14087835e-02, 5.50919119e-03, 1.50166824e-02,
       -4.09359159e-03, 1.17113860e-02, -2.66317576e-02, -3.32761486e-03,
       6.93648914e-03, -3.28539014e-02, -1.11306331e-03, 1.55353965e-02,
       5.53946709e-03, -1.02204839e-02, -6.31285785e-03, -2.11185776e-02,
       -3.07951700e-02, -1.32969962e-02, -2.91476166e-03,
       -7.90870748e-03, 1.05393808e-02, -6.12363452e-03, -5.48725249e-03,
       3.15032154e-03, 2.43969471e-03, -3.03118434e-02, -1.76531114e-02,
       -2.03173608e-02, 8.12819228e-03, -6.83306390e-03, -4.02286090e-03,
       7.84146320e-03, 9.06207319e-03, -1.08152954e-02, 1.61328737e-03,
       1.80397145e-02, -2.14697421e-03, 1.54667199e-02, -1.41923467e-03,
       -1.26709454e-02, -3.25466059e-02, 6.11763156e-04, -1.27259400e-02,
       -3.15218093e-03, -1.49445208e-02, -2.30976939e-02, 2.30561872e-03,
       -2.10082084e-02, -1.59313716e-02, 2.12186985e-02, -8.88171978e-03,
       2.41176244e-02, -2.13288032e-02, -7.68525898e-03, 2.22603679e-02,
       -2.32935441e-03, -6.87001692e-03, -6.05032081e-04,
       -8.75021704e-03, -1.76584721e-02, -2.72653306e-05,
       -2.14955006e-02, -2.48946790e-02, 4.29778546e-03, -1.69609711e-02,
       -2.05688085e-02, 2.29666978e-02, 3.75529341e-02, 1.27651996e-03,
       3.19506526e-02, -5.13392128e-03, -1.98501418e-03, 9.04292520e-03,
       1.30720651e-02, 1.49344895e-02, 2.52027772e-02, 4.22781426e-03,
       -1.77115146e-02, 1.18745258e-02, -2.91414522e-02, -2.08823979e-02,
       3.70522984e-03, -5.25408052e-03, -7.05065730e-04, -6.42341655e-03,
       -6.35372149e-03, -2.71336362e-02, -1.19462907e-02,
       -3.69007178e-02, -5.73448930e-03, 1.86353549e-02, -1.30746036e-03,
       -1.52145699e-02, 2.88250465e-02, 2.48302836e-02, -9.46092326e-03,
       -8.94587301e-03, -2.11049728e-02, -6.91794045e-03,
       -1.52903274e-02, -1.67619754e-02, -1.48916356e-02, 1.99455582e-02,
       7.04924227e-04, -9.34216753e-03, -2.00438723e-02, -1.42953256e-02,
       2.53225435e-02, 1.64768323e-02, 4.20891680e-02, 3.26317572e-03,
       8.69690441e-03, -1.67804640e-02, -1.65919866e-02, 1.53650635e-05,
       -6.57729572e-03, -6.67733885e-03, 5.68308029e-03, 5.89656202e-06,
       -5.42156957e-03, 1.17248744e-02, -2.85231741e-03, 8.18964560e-03,
       1.49204135e-02, -8.53668433e-03, 4.68130643e-03, 1.53590105e-02,
       -1.43598933e-02, -1.60923246e-02, 2.70900819e-02, 3.03936545e-02,
       -2.17490587e-02, -2.20083818e-02, -4.46243063e-02, 1.06460153e-04,
       2.28925534e-02, -1.92625336e-02, -2.62841880e-02, 2.36644763e-02,
       1.91705755e-03, 6.42862357e-03, 3.37948179e-04, 3.23422020e-03,
       1.69940647e-02, 2.52171382e-02, 6.68551680e-03, 3.88760073e-03,
       3.17777544e-02, 6.39825221e-03, -2.09773574e-02, -9.41059086e-03,
       5.51353348e-03, -2.75626639e-03, 1.24966595e-02, 1.44401891e-02,
       -2.89233271e-02, -8.72809440e-04, -9.59856808e-03,
       -1.40756480e-02, 4.61162534e-03, -1.51665108e-02, 1.99874565e-02,
       1.26835285e-02, 1.96301211e-02, -7.53238425e-03, 1.76185146e-02,
       -1.64519604e-02, 1.72174466e-03, -1.63946599e-02, -1.70480721e-02,
       -1.92762557e-02, -6.93702779e-04, 5.32892533e-03, -3.40326093e-02,
       1.15181794e-02, -3.35965008e-02, 7.73624750e-03, 1.09617598e-02,
       2.15148758e-02, 3.24424878e-02, -7.66002713e-03, 3.12515050e-02,
       7.16325780e-03, 4.90228198e-02, 1.67564414e-02, 1.32191542e-03,
       1.86162721e-02, -1.52651099e-02, -4.15167771e-03, -4.65118326e-02,
       -6.29054476e-03, -8.10999610e-03, 2.49713548e-02, -4.94495779e-03,
       -4.57096519e-03, -3.07085994e-03, -5.69704687e-03,
       -4.28555999e-04, 2.00159792e-02, 4.77395114e-03, -9.41564888e-03,
       1.43177351e-02, 5.45123871e-03, -8.27816129e-03, -3.68553912e-04,
       -7.33715598e-04, 1.76371774e-03, 1.01983054e-02, 3.99752799e-03,
       -1.39162960e-02, 9.18488763e-03, 5.73317427e-03, 9.86473518e-04,
       1.62677793e-03, -9.66666266e-04, 8.81823059e-03, -6.17497228e-03,
       -1.07041409e-03, 1.63817313e-02, 3.22941020e-02, 1.71153748e-04,
       -3.24729420e-02, -1.03933772e-03, 1.15316259e-02, -2.96355598e-03,
       1.37432860e-02, -1.04343109e-02, -8.09420459e-03, -6.68795407e-03,
       -1.59250591e-02, -2.41586640e-02, -9.84317530e-03,
       -2.19708253e-02, -1.29676340e-02, -2.34340299e-02,
       -4.73505165e-03, -2.82196682e-02, 1.95093208e-03, 4.09963122e-03,
       -9.58222809e-05, 1.50706957e-03, -4.46692146e-02, -3.09035573e-02,
       1.21373385e-02, 8.04400630e-03, -1.19537441e-02, -2.18714494e-02,
       1.15861725e-02, -2.00297427e-03, 1.30474046e-02, 9.98686627e-03,
       1.40643632e-02, -3.60712619e-03, 6.16648979e-03, 4.08865325e-03,
       -2.13503418e-03, -1.47987688e-02, -4.54183901e-03, 1.36299599e-02,
       -1.43648423e-02, 5.97245945e-03, 3.81251401e-03, -2.80726771e-03,
       -8.03490449e-03, 1.37364892e-02, 1.30961847e-03, 7.97438901e-03,
       1.65395681e-02, -2.97323931e-02, 1.08789206e-02, 2.77576130e-02,
       2.94632465e-02, 2.24351231e-03, -3.50894383e-03, 1.13080442e-03,
       -3.53214145e-02, -2.13162904e-03, -2.54076198e-02,
       -1.68455187e-02, 5.16053196e-03, -1.34342210e-02, -2.39465907e-02,
       1.00407340e-02, -1.80064440e-02, 6.72574912e-04, 4.56622522e-03,
       -4.60751448e-03, 1.93933919e-02, 9.13073961e-03, 1.90897621e-02,
       -9.82856285e-03, 3.01237833e-02, -2.79213511e-03, -1.74777992e-02,
       -1.37115794e-03, 2.67338450e-03, -5.64351394e-05, 3.09064751e-03,
       -1.74232647e-02, -2.69037932e-02, 4.02005902e-03, -6.15297491e-03,
       -3.49825695e-02, 1.33569655e-03, -7.63106765e-03, -5.03066881e-03,
       4.51510336e-04, -5.68905147e-03, -2.29662079e-02, 2.15584487e-02,
       -1.78844035e-02, -7.32370466e-03, -1.58274639e-02,
       -4.46920805e-02, -1.79902017e-02, -1.69959534e-02,
       -2.24699243e-03, -3.04656606e-02, -1.15235085e-02,
       -1.76034756e-02, 2.15648189e-02, 3.65984961e-02, 1.37922186e-02,
