%YAML:1.0
---
myHogDector_5: !!opencv-object-detector-hog
   winSize: [ 64, 128 ]
   blockSize: [ 16, 16 ]
   blockStride: [ 8, 8 ]
   cellSize: [ 8, 8 ]
   nbins: 9
   derivAperture: 1
   winSigma: 4.
   histogramNormType: 0
   L2HysThreshold: 2.0000000000000001e-01
   gammaCorrection: 1
   nlevels: 64
   signedGradient: 0
   SVMDetector: [ 3.47251780e-02, -3.38483639e-02, -1.15859890e-02,
       1.82690155e-02, 4.52925870e-03, -2.53798477e-02, 1.67462919e-02,
       -1.13732722e-02, 1.93368178e-02, 1.57065932e-02, -1.61752142e-02,
       -5.63229201e-03, -6.65760366e-03, 1.57419760e-02, 1.93655863e-03,
       2.60063279e-02, 1.53152309e-02, -7.68587971e-03, 7.15459185e-03,
       -2.50789821e-02, -8.90818238e-03, 1.13449553e-02, 1.74752790e-02,
       9.31624847e-04, 5.95514709e-03, -2.12478284e-02, 6.29980257e-03,
       1.28718524e-03, -7.27396738e-03, 8.61151051e-03, 2.65015140e-02,
       -9.11959540e-03, 2.14341637e-02, 1.60385519e-02, -4.26240312e-03,
       -3.24733630e-02, 1.57053787e-02, 1.81312324e-03, -2.92918528e-03,
       9.57121793e-03, 1.45506840e-02, 1.09523432e-02, 1.61940418e-02,
       2.09388193e-02, 2.48840880e-02, 2.00563502e-02, -4.87410603e-03,
       2.27094255e-03, 1.31726218e-02, -1.09625682e-02, -1.17098996e-02,
       4.95747244e-03, 2.76445262e-02, 3.30390409e-02, 1.05327985e-03,
       1.27983652e-02, 4.33634268e-03, 8.15370958e-03, -8.20415374e-03,
       2.33036582e-04, -1.30602429e-02, 4.32792772e-03, -1.80733874e-02,
       3.47001702e-02, -3.42350919e-03, -6.75354898e-03, 1.54016800e-02,
       -1.05451141e-02, 9.30023845e-03, -4.40028543e-03, -2.03725696e-02,
       1.26650641e-02, 1.56414919e-02, 7.60161132e-03, 1.90373771e-02,
       9.06019472e-03, 7.49011710e-03, -2.43126159e-03, 3.50817386e-03,
       4.13565058e-03, -1.02396738e-02, 2.96817999e-02, 8.78675375e-03,
       4.91987821e-03, -8.51012487e-03, 2.70668846e-02, 5.00088977e-03,
       2.48706248e-02, 1.50286891e-02, 3.52356769e-02, 7.58173689e-03,
       1.18683726e-02, 1.84151735e-02, 1.77797917e-02, -3.85634787e-03,
       7.27169728e-03, 5.44209266e-03, 8.38368083e-04, -1.79835800e-02,
       1.59540661e-02, -2.64412742e-02, 6.72438764e-04, 6.74674695e-04,
       -3.18588465e-02, -1.84528774e-03, 1.72234140e-02, 2.65289489e-02,
       6.65216125e-04, -1.18958130e-02, 2.80311634e-03, -1.03852525e-02,
       -9.80431493e-03, 8.84554815e-03, -5.92746958e-03, 9.39453300e-03,
       -1.45566128e-02, -2.04699319e-02, -1.12256249e-02, 2.66321353e-03,
       -4.47931606e-03, -9.92303900e-03, -3.60154025e-02,
       -4.25120536e-03, -5.95169188e-03, -5.38055506e-03,
       -1.01770749e-02, -8.01109057e-03, 4.20046563e-04, 4.11129138e-03,
       3.96060105e-03, 4.55140573e-04, -4.86629037e-03, -1.68158412e-02,
       -7.65931653e-03, -3.13235484e-02, -1.95531435e-02,
       -4.36676992e-03, 1.22714704e-02, -2.75082011e-02, -3.92442346e-02,
       -9.92942136e-03, -1.08216135e-02, -1.33924661e-02,
       -1.06075611e-02, -6.74817897e-03, 7.47702038e-03, -2.35915743e-02,
       5.51652163e-04, 2.43325308e-02, -8.56001116e-03, -9.25690588e-03,
       3.34767159e-03, -3.67979030e-03, -2.48420071e-02, -1.96823869e-02,
       -5.02925925e-02, -5.49909775e-04, 9.92138218e-03, -3.76645662e-02,
       -3.49865928e-02, 1.88296735e-02, 2.95600537e-02, 6.20002858e-04,
       3.96268517e-02, -6.58451440e-03, 3.75754316e-03, -5.03237639e-03,
       9.83465742e-03, 1.58596579e-02, 4.51337621e-02, 1.34163499e-02,
       -2.74851546e-02, 1.36735645e-04, -2.97492687e-02, -2.80835181e-02,
       -6.17863098e-03, -2.62405612e-02, -1.54365078e-02,
       -1.41232815e-02, -2.98965164e-03, -2.20529269e-02,
       -1.00187827e-02, -3.83645445e-02, 1.64851584e-02, 2.62236912e-02,
       1.41080481e-03, -9.41934623e-03, 1.42655578e-02, 1.26416888e-02,
       -8.65433645e-03, -1.56218931e-03, -1.43847801e-02,
       -8.39338545e-03, -1.90539453e-02, -1.97425466e-02,
       -2.12983713e-02, -8.90232995e-03, -1.62577257e-02, 3.78999463e-03,
       -6.02971110e-03, -1.92011949e-02, 3.26889195e-02, 2.94609442e-02,
       2.64964644e-02, 2.13340251e-03, 1.41620850e-02, -1.44502800e-02,
       -3.38889519e-03, 1.51228672e-02, -1.16134286e-02, 4.50379867e-03,
       -4.23554913e-04, -5.32604381e-03, -7.94164743e-03,
       -1.27744349e-02, -5.50082605e-03, -6.55246200e-03, 6.03318308e-03,
       -1.33633362e-02, -1.10900728e-03, 1.13091273e-02, -1.43912546e-02,
       -2.83886306e-02, 2.23401506e-02, 2.14216039e-02, -1.28071578e-02,
       -1.73460934e-02, -4.45083007e-02, -2.00044308e-02, 1.83891132e-02,
       -7.87806045e-03, -3.50339711e-02, 3.03753018e-02, 1.30065009e-02,
       1.03740266e-03, -1.46601663e-03, 7.56011112e-03, 2.83749234e-02,
       1.65168513e-02, 1.58042144e-02, -1.43477041e-02, 1.56622026e-02,
       1.63371023e-02, -3.98263894e-03, 3.58778262e-03, 1.35149816e-02,
       -2.39071324e-02, 1.09788980e-02, 1.69293173e-02, -3.64853628e-02,
       4.55860281e-03, 6.24826644e-03, 1.34330904e-02, 8.64877086e-03,
       -5.52463520e-04, 3.62118371e-02, 2.27432195e-02, 2.03600172e-02,
       -1.08688828e-02, 2.29266696e-02, -2.40234588e-03, 1.40034864e-02,
       -1.24362623e-02, -1.45851467e-02, 4.08521388e-03, 5.39440336e-03,
       1.67948976e-02, -3.12244147e-02, 1.71134416e-02, -8.87465198e-03,
       1.01692276e-02, 1.32017154e-02, 2.46978737e-02, 1.59616657e-02,
       -2.34502414e-03, 3.39102112e-02, 1.15919141e-02, 2.23415326e-02,
       -9.73634742e-05, -5.00687072e-03, 4.38386295e-03, -1.80937555e-02,
       3.36268859e-04, -1.70485787e-02, 5.33251138e-03, 2.11005169e-03,
       4.07341123e-03, -1.29765151e-02, -6.17617136e-03, -6.20197551e-03,
       -1.30543010e-02, 6.34082500e-03, 6.79547759e-03, 2.86582485e-03,
       -1.31142307e-02, 2.69290665e-03, 1.79591477e-02, -1.97072085e-02,
       3.24429153e-03, -7.79429590e-03, 9.09209624e-03, 2.27531884e-02,
       3.27343377e-03, -1.12141222e-02, 7.10582035e-03, -2.17581308e-03,
       -3.44153680e-03, 1.49466062e-03, 1.00526754e-02, 9.50514153e-03,
       -7.05480855e-03, -1.89711861e-02, 1.04126688e-02, 1.29538830e-02,
       -8.23233649e-03, -9.00296122e-03, 1.98993944e-02, 2.92575285e-02,
       -1.02456501e-02, 8.20984878e-03, -3.20064574e-02, 1.57253928e-02,
       8.05599149e-03, -9.96886939e-03, -2.59368457e-02, -1.03335241e-02,
       -3.42380106e-02, -5.08015603e-03, -1.52766854e-02, 1.51967593e-02,
       -2.42186990e-02, -2.93416972e-03, -4.34400077e-04, 4.50632488e-03,
       -1.30317861e-03, -2.74379849e-02, -2.02421341e-02, 1.37886032e-02,
       -1.23083021e-03, -2.10956838e-02, -1.56407878e-02, 3.98486406e-02,
       2.97830738e-02, 1.86777916e-02, -5.04500885e-03, 1.11039318e-02,
       -2.99263536e-03, 9.87188239e-03, 2.56865639e-02, 1.21278679e-02,
       -2.92290119e-03, 9.94924363e-03, -7.82309286e-03, -3.10984254e-02,
       1.08829010e-02, 1.06932863e-03, -4.84614260e-03, -1.96604780e-03,
       1.32429982e-02, 1.68281328e-02, 7.57281762e-03, 4.43417393e-03,
       -1.19401822e-02, 2.16722558e-03, 3.49000236e-03, 1.29022179e-02,
       8.61143600e-03, 8.91813543e-03, 1.74519438e-02, -1.82919856e-02,
       -6.50250679e-03, -3.39231617e-03, -2.23466521e-03, 8.51112232e-03,
       -9.12871119e-03, 7.71800149e-03, 2.79820822e-02, -2.05287384e-03,
       8.58900044e-03, -1.27884066e-02, -5.11646969e-03, 1.30787343e-02,
       -5.37042797e-04, 1.54774236e-02, -9.74989682e-03, 1.73240937e-02,
       -5.66749694e-03, -1.62146986e-02, -1.42156249e-02, 2.51962114e-02,
       2.61198469e-02, 1.43675832e-02, 3.30618280e-03, -8.09763442e-05,
       -1.47059967e-03, -1.69028267e-02, -2.25607678e-02,
       -1.12235323e-02, -5.16098086e-03, 5.53057110e-03, -6.26682187e-04,
       -2.44903509e-02, -1.83898546e-02, 2.45841015e-02, -4.45002923e-03,
       -6.09495398e-03, -1.02183055e-02, -2.50610560e-02,
       -2.24963240e-02, -2.08073389e-02, -6.83808047e-03,
       -1.67438630e-02, -4.80584474e-03, -1.14954012e-02, 1.01881698e-02,
