%YAML:1.0
---
myHogDector_3: !!opencv-object-detector-hog
   winSize: [ 64, 128 ]
   blockSize: [ 16, 16 ]
   blockStride: [ 8, 8 ]
   cellSize: [ 8, 8 ]
   nbins: 9
   derivAperture: 1
   winSigma: 4.
   histogramNormType: 0
   L2HysThreshold: 2.0000000000000001e-01
   gammaCorrection: 1
   nlevels: 64
   signedGradient: 0
   SVMDetector: [ 3.88003066e-02, -3.23851109e-02, -2.62355823e-02,
       1.37602082e-02, 2.49402374e-02, -1.53539227e-02, -5.66925900e-03,
       -2.54297759e-02, 2.12855805e-02, 3.14489827e-02, -1.19581567e-02,
       3.93901486e-03, -9.03233886e-03, 1.70406830e-02, 5.88866044e-03,
       2.29934920e-02, 1.05910683e-02, 4.21036081e-03, 1.87922530e-02,
       -2.88940556e-02, -1.03532774e-02, 1.97929535e-02, 1.63858123e-02,
       -8.26240610e-03, -1.30522735e-02, -3.28930058e-02, 1.00876652e-02,
       7.04731233e-03, -1.30196512e-02, 1.30807050e-02, 2.45880671e-02,
       -1.85273737e-02, 7.52867386e-03, -5.80402883e-03, 1.14935299e-03,
       -2.26096828e-02, -6.72973413e-03, -6.21324219e-03, 1.03226658e-02,
       3.26927099e-03, 3.67226638e-02, 2.29180790e-02, 9.18582454e-03,
       1.93421021e-02, 2.18140497e-03, -1.79648492e-03, -7.78443273e-03,
       1.96499620e-02, 2.00153179e-02, 1.28098242e-02, -4.52189660e-03,
       9.74426139e-03, 4.04568501e-02, 6.88435836e-03, 1.50047308e-02,
       6.52379263e-03, 1.55976871e-02, 1.03310030e-02, 1.06155092e-03,
       -2.98887026e-04, -3.21205147e-02, 5.80585282e-03, -1.68607403e-02,
       3.83675434e-02, 5.59991365e-03, -5.95545024e-03, 1.20907966e-02,
       7.07992027e-03, 1.07198898e-02, 1.38512300e-02, -2.97360937e-03,
       2.90492941e-02, -1.22924559e-02, 1.17412861e-02, 2.41440535e-02,
       1.91413295e-02, 3.52727287e-02, 4.68008826e-03, 1.06951175e-02,
       1.31414328e-02, -4.55633216e-02, 1.47930272e-02, 1.04402313e-02,
       6.58249622e-03, -4.12371388e-04, 2.19412446e-02, -7.11211516e-03,
       3.80477170e-04, -7.46733695e-03, 7.28515303e-03, 1.51745351e-02,
       1.23738963e-02, 5.39855007e-03, 2.17944160e-02, 2.05356325e-03,
       1.33323483e-02, 2.55379863e-02, 1.82341635e-02, -3.13418056e-03,
       1.33615742e-02, -2.18872204e-02, 3.73989693e-03, 5.29387267e-03,
       -2.28588376e-02, -2.63955118e-03, 2.03159340e-02, 2.58833114e-02,
       4.80132323e-04, 3.30874347e-03, 1.52549322e-03, -6.43368252e-03,
       -9.85899474e-03, -6.23599812e-03, -1.44412816e-02,
       -1.17321219e-02, 3.34012834e-03, -1.00748679e-02, -1.05328916e-03,
       6.59103156e-04, -5.31470729e-03, -2.17825864e-02, -2.05998980e-02,
       -5.78797748e-03, -4.60064178e-03, -3.73599422e-03,
       -8.99646617e-03, -3.01430118e-03, -7.58631271e-04, 8.12298711e-03,
       -3.02426377e-03, -6.26607798e-03, 4.12464049e-03, -8.82439502e-03,
       1.74536742e-02, -1.82663724e-02, -6.36509014e-03, -1.45227807e-02,
       3.25353653e-03, -2.44590063e-02, -2.56567150e-02, -9.85489134e-03,
       -1.46116074e-02, -7.29283411e-03, -5.62155619e-03,
       -1.42265577e-02, 1.54400046e-03, -1.32969422e-02, -7.65698729e-03,
       1.10829724e-02, -1.26137547e-02, 7.60770519e-04, 1.74941607e-02,
       1.19545786e-02, -2.45988593e-02, -1.37803564e-02, -4.02908623e-02,
       -8.85795243e-03, 1.70748327e-02, -3.12352069e-02, -2.06934568e-02,
       2.78864782e-02, 4.32515107e-02, 1.11646065e-02, 2.98665036e-02,
       9.58212186e-03, -1.88493505e-04, 2.10360717e-02, 1.43656190e-02,
       1.91280898e-02, 2.59029064e-02, 8.62808526e-03, -2.89110374e-02,
       -8.86465830e-04, -1.70724802e-02, -2.64536869e-03, 1.29975518e-02,
       -9.87965334e-03, -1.44623881e-02, -9.01209284e-03,
       -1.53150186e-02, -2.30389312e-02, -1.10727409e-02,
       -3.83881107e-02, 1.36112384e-02, 1.09015079e-02, -7.04435678e-03,
       -1.85336303e-02, 1.04574570e-02, 2.63405424e-02, -2.52923314e-02,
       -3.10894707e-03, -1.11933965e-02, 4.74432763e-03, -1.06029045e-02,
       -1.29227433e-02, -2.88772234e-03, -5.34164626e-03,
       -1.49280680e-02, 5.06040268e-03, -6.14434155e-03, -1.49639202e-02,
       4.56409678e-02, 1.52736790e-02, 9.64019727e-03, -1.06784115e-02,
       3.29880440e-03, 3.60895158e-03, 5.06178825e-04, 1.61675755e-02,
       -6.69347402e-03, -1.12808114e-02, 7.96808209e-03, -1.68603491e-02,
       -2.17185076e-03, 1.78092299e-03, -5.78787597e-03, -7.06475170e-04,
       1.72060356e-02, -1.71606168e-02, -6.82388712e-03, 1.33945392e-02,
       -9.48035810e-03, 8.84863455e-03, 2.53877267e-02, 2.43408438e-02,
       -1.30925998e-02, 8.44681927e-04, -4.08681929e-02, -8.53382703e-03,
       2.62911618e-02, -3.96584943e-02, -2.45724563e-02, 2.14770380e-02,
       -1.35159940e-02, 3.19939689e-03, -8.87316465e-03, -1.37267984e-03,
       2.71426272e-02, 2.34431792e-02, 1.18088545e-02, 1.02709327e-02,
       3.04787792e-02, 2.12431289e-02, -2.86934208e-02, -2.78122304e-03,
       2.38068793e-02, 5.59711363e-03, 2.08696630e-02, -3.92935006e-03,
       -3.78415920e-02, 7.22835539e-03, 1.38035147e-02, -3.16035305e-03,
       6.18158421e-03, -4.22399910e-03, 2.64036711e-02, 3.03052533e-02,
       3.95474909e-03, -1.45304389e-02, 2.09530871e-02, -2.17817146e-02,
       -1.31477574e-02, -1.41651370e-02, -1.17437290e-02,
       -1.49891188e-04, 1.96073651e-02, 7.67241092e-03, -2.17411537e-02,
       2.76034866e-02, -2.79058386e-02, 1.76024418e-02, 1.22245345e-02,
       3.17377932e-02, 3.16083468e-02, 1.42830312e-02, 1.67035330e-02,
       -1.61157381e-02, 4.00721394e-02, 2.54343133e-02, -3.17705504e-04,
       4.34677489e-03, -2.48898920e-02, 3.98382312e-03, -3.90338823e-02,
       -6.82987552e-03, -2.17992794e-02, 1.34877739e-02, -2.38694833e-03,
       -6.20633084e-03, 1.84370559e-02, -3.47890519e-03, 8.13996233e-03,
       1.31015684e-02, -4.22688993e-03, -8.61403905e-03, 1.65352877e-02,
       1.33306545e-03, 1.65506185e-03, 9.89230233e-04, -2.08245385e-02,
       -1.75727308e-02, 1.46494724e-03, -1.91231780e-02, -3.80018950e-02,
       -1.93479750e-02, 3.29062605e-04, 6.00829814e-03, 6.91252109e-03,
       -5.45553956e-03, 6.92477683e-03, -6.83109928e-03, -1.57634597e-02,
       5.52387675e-03, 2.73292381e-02, 2.79518007e-03, -3.16586316e-04,
       8.68326332e-03, -3.38026672e-04, -1.87281612e-02, 1.69789279e-03,
       -2.91768573e-02, 6.18492952e-03, -1.34760898e-03, 5.56262489e-03,
       -2.71756258e-02, -5.41682728e-03, -3.43926959e-02,
       -1.45051219e-02, -1.38334287e-02, 1.47177866e-02, -3.26003321e-02,
       -1.81985293e-02, 5.22832433e-03, 8.56569130e-03, 9.12430044e-03,
       -5.26889078e-02, -2.96509713e-02, 1.02354027e-02, 9.12929326e-03,
       -1.63888857e-02, -1.97110474e-02, 2.35054065e-02, 2.38560047e-02,
       2.62791198e-02, -1.70870859e-03, 1.47761656e-02, -1.59439957e-03,
       1.66949201e-02, 1.91509873e-02, 4.12100274e-03, 7.02039863e-04,
       -5.83093474e-03, 1.42182438e-02, -2.30530445e-02, 1.66900121e-02,
       -9.97311343e-03, -5.48773445e-03, -8.42612982e-03, 7.78604485e-03,
       1.27375021e-03, 1.69707239e-02, 1.07505647e-02, -2.59243120e-02,
       1.25306631e-02, 1.35049801e-02, 1.33499075e-02, -4.12901572e-04,
       8.10131244e-03, 3.87379574e-03, -3.17041250e-03, 8.16864055e-03,
       -6.77998364e-03, 2.93658441e-03, -1.47402175e-02, -1.24012446e-02,
       -1.86140947e-02, 1.82926282e-02, -6.59721345e-03, -8.30132328e-03,
       -4.31447197e-03, 1.20134893e-04, 3.39694470e-02, 2.05315538e-02,
       2.08616052e-02, -6.71115890e-03, 2.10999716e-02, -9.88735911e-03,
       -1.31858522e-02, -7.62068946e-03, 2.87014269e-03, 2.70349719e-02,
       4.29358706e-03, -1.18818944e-02, -1.12115666e-02, 5.33090532e-03,
       -1.39320605e-02, -2.60744598e-02, 4.16457606e-03, -3.35007417e-03,
       1.16086227e-03, -1.57716814e-02, -3.32966633e-03, -2.09436547e-02,
       2.55918857e-02, -9.85702593e-03, -1.05655724e-02, -8.24670959e-03,
       -2.81898696e-02, -2.96752825e-02, -1.29128415e-02,
       -4.57157101e-03, -3.52704041e-02, -1.38294110e-02,
       -2.35505998e-02, 4.49630851e-03, 1.73534118e-02, -1.83127436e-03,
