%YAML:1.0
---
myHogDector: !!opencv-object-detector-hog
   winSize: [ 64, 128 ]
   blockSize: [ 16, 16 ]
   blockStride: [ 8, 8 ]
   cellSize: [ 8, 8 ]
   nbins: 9
   derivAperture: 1
   winSigma: 4.
   histogramNormType: 0
   L2HysThreshold: 2.0000000000000001e-01
   gammaCorrection: 1
   nlevels: 64
   signedGradient: 0
   SVMDetector: [ 8.29737820e-03, -3.44212912e-02, -9.14372411e-03,
       3.07646040e-02, 4.83410880e-02, -1.67637840e-02, -3.12201921e-02,
       -9.73394699e-03, 1.45855332e-02, 4.59196307e-02, -1.83344875e-02,
       5.27714286e-03, 2.24780664e-02, 1.84364468e-02, 2.26291474e-02,
       -1.64951440e-02, -2.26304494e-03, 2.45280657e-02, 1.96977295e-02,
       -1.33265574e-02, 2.83174217e-02, 3.82056981e-02, 7.35713262e-03,
       -1.01631740e-02, -2.46710293e-02, -3.59630026e-02,
       -1.03373593e-02, 3.50816436e-02, -1.03333648e-02, 1.87282283e-02,
       3.91832441e-02, -2.46748962e-02, 3.24703529e-02, -1.36153791e-02,
       -2.11031805e-03, 1.32613014e-02, -9.63627733e-03, -3.35329622e-02,
       1.49113294e-02, 1.78121887e-02, 3.01067233e-02, -6.02271641e-03,
       -2.31154766e-02, -1.02548506e-02, 7.57163623e-03, -6.12987066e-03,
       -5.16034383e-03, 2.66930405e-02, 1.78854559e-02, 2.14451794e-02,
       -6.44556805e-03, -1.35634514e-02, 2.92312093e-02, 1.73058193e-02,
       -1.01559246e-02, -3.64723317e-02, -7.73220463e-03, 1.81097295e-02,
       -2.02470529e-03, 3.28771286e-02, -1.99076217e-02, -5.75295556e-03,
       1.60757098e-02, 1.00323446e-02, 3.95066250e-04, -8.34507216e-03,
       2.24178257e-05, -8.17834027e-03, 1.89236738e-02, -9.51529574e-03,
       -6.74309116e-03, 3.05378214e-02, 2.17355113e-03, -2.94241705e-03,
       7.47040287e-03, 1.05351629e-02, 1.64645389e-02, 9.64654516e-03,
       -8.75067059e-03, 3.83331999e-02, 1.52814072e-02, 1.06794517e-02,
       -1.99028067e-02, 2.21021120e-02, 2.36151740e-03, 3.33417132e-02,
       4.47731325e-03, 1.10397404e-02, 1.50535312e-02, 1.59429628e-02,
       -4.83377511e-03, -8.05465132e-03, -1.16767380e-02,
       -8.32704303e-04, -1.63068753e-02, -4.07449622e-03,
       -1.96510889e-02, 1.22436192e-02, -5.40537573e-03, -1.90201346e-02,
       -2.65564304e-02, -1.97210461e-02, -2.86062192e-02,
       -1.32552220e-03, -2.79348455e-02, 6.33170642e-03, -1.45895150e-03,
       -2.75955163e-02, 1.97054558e-02, 1.69885904e-02, 1.35605102e-02,
       5.13710780e-03, 1.40508814e-02, 5.05976751e-03, 8.71570606e-04,
       -1.17526418e-02, 2.51953695e-02, -2.83699445e-02, -4.02869977e-04,
       -2.10159104e-02, -1.48299085e-02, -9.79351066e-03,
       -8.76109675e-03, 1.48971174e-02, 2.95622908e-02, -1.61693916e-02,
       -2.99987458e-02, -2.78503797e-03, -5.39141567e-03, 7.30724866e-03,
       -1.59249268e-03, 9.45432018e-03, 1.24398191e-02, 1.65789165e-02,
       -1.56813841e-02, -3.44313793e-02, -4.14730906e-02,
       -4.13071625e-02, -2.37059966e-02, -2.14403365e-02,
       -1.39601119e-02, 1.41295852e-04, 1.51346829e-02, -2.01554541e-02,
       -3.71464193e-02, 4.02659811e-02, -1.40518956e-02, -1.41612021e-03,
       1.62636787e-02, 4.61889082e-04, 6.86626043e-03, 3.58168222e-02,
       -2.93300450e-02, -1.43705141e-02, -9.66577884e-03,
       -4.03840430e-02, -1.34155964e-02, 1.91572327e-02, -9.56889987e-03,
       -2.67783329e-02, -1.30907702e-03, -6.91136345e-03,
       -3.30105913e-03, 4.76008728e-02, -1.29813887e-02, -3.06444685e-03,
       -1.03908740e-02, 3.55288875e-03, 3.63494866e-02, 4.15818393e-02,
       -6.15574652e-03, -2.81125046e-02, 4.77128522e-03, -1.71497688e-02,
       -2.30976772e-02, -6.19257241e-03, -1.46925179e-02, 1.90528799e-02,
       -4.27026395e-03, -1.07347323e-02, -8.18914152e-04,
       -3.78582217e-02, -3.68209966e-02, 5.87661006e-03, 1.71875302e-02,
       1.74449366e-02, -4.41666367e-03, 1.64933652e-02, 1.22196488e-02,
       -6.52152346e-03, -5.49727082e-02, -3.31624486e-02, 2.96233483e-02,
       8.76801554e-03, -4.58446704e-02, -6.69694971e-03, -1.25582679e-03,
       6.14190847e-03, 3.04235164e-02, 5.61228115e-03, -1.99143048e-02,
       1.35394717e-02, -1.84774287e-02, 1.25623308e-02, 1.23060504e-02,
       2.92058997e-02, -1.92836449e-02, 9.88855399e-03, -1.74067058e-02,
       -1.29270982e-02, 8.52452870e-03, -1.08526340e-02, -2.61948835e-02,
       5.46042062e-03, 1.66434720e-02, -8.88153259e-03, 1.46308001e-02,
       -1.41227646e-02, -1.82861593e-02, 5.49370609e-02, 1.75191797e-02,
       -2.71258280e-02, -4.17268323e-03, 2.76122754e-03, 1.84722636e-02,
       -1.56789888e-02, -1.78071074e-02, -2.58890428e-02, 2.91638803e-02,
       1.95476469e-02, -1.33235073e-02, -4.39647287e-02, -3.93382134e-03,
       -2.72911484e-03, 6.38977916e-04, -2.51201708e-02, -1.75938066e-02,
       3.48557010e-02, -7.31528550e-03, -1.37210055e-03, 1.61306243e-02,
       2.03350522e-02, 1.47956274e-02, -1.63722113e-02, -4.38990258e-02,
       -1.34711945e-02, 1.57539092e-03, 1.50982407e-04, -1.30802132e-02,
       -2.72127781e-02, -7.70754181e-03, 1.18443361e-02, -7.65780034e-03,
       3.53329978e-03, -1.52029442e-02, 1.35123134e-02, 1.88423265e-02,
       1.09619051e-02, -3.77106816e-02, 1.27672367e-02, -5.79741690e-03,
       -1.28282458e-02, -2.73226737e-03, -1.61960050e-02,
       -4.31142673e-02, -1.44188218e-02, 3.39767127e-03, -7.57304532e-03,
       1.32230986e-02, -1.66702624e-02, 8.31704680e-03, 3.13778012e-03,
       -3.35922278e-03, 1.02534071e-02, 1.80531815e-02, 1.58508532e-02,
       -1.33177806e-02, 3.76479663e-02, 3.04219387e-02, 1.49277691e-02,
       7.08976667e-03, 1.93665235e-03, -1.89961605e-02, -5.34595270e-03,
       4.86768922e-03, 1.14836749e-02, 2.56527048e-02, 5.94576122e-03,
       -4.23701964e-02, -7.02175405e-03, 7.14165950e-03, -8.32831860e-03,
       -1.43715348e-02, 9.16292798e-03, -1.80546893e-03, 1.00760311e-02,
       -4.50246222e-03, -2.31397264e-02, -1.54419504e-02,
       -1.59425046e-02, 1.44904796e-02, -1.41904652e-02, -9.47308447e-03,
       -1.95201635e-02, 1.88392354e-03, -2.41033453e-02, -8.69247969e-03,
       1.06716640e-02, 2.32790061e-03, -2.25351122e-03, -2.65689902e-02,
       1.52627137e-02, 2.55041346e-02, 1.14192050e-02, 8.84694420e-03,
       -2.68324595e-02, 1.24741085e-02, -4.70211077e-03, 8.65654461e-03,
       -1.98000274e-03, 1.99433472e-02, -7.63964700e-03, -2.05393564e-02,
       -1.38371615e-02, -1.11349160e-02, 3.89497681e-03, -5.41262003e-03,
       -3.71142803e-03, -4.08443948e-03, -2.48318687e-02,
       -3.52128260e-02, 6.91060862e-03, 2.15001274e-02, -1.24139115e-02,
       -3.72263268e-02, -4.36716788e-02, -3.44663784e-02, 5.00910776e-03,
       -1.80683974e-02, -3.13238278e-02, -2.29720902e-02,
       -2.04896107e-02, -1.17219631e-02, 1.49727613e-02, 4.29428555e-03,
       2.01699436e-02, 2.13593505e-02, 2.84303594e-02, 2.96045328e-04,
       1.06969215e-02, 1.24337887e-02, -6.57050312e-02, -1.92369428e-02,
       -2.66986545e-02, -2.50771921e-03, -2.32758708e-02, 1.10003687e-02,
       8.09444487e-03, -1.38963358e-02, -2.30557062e-02, -3.33494437e-03,
       -2.59261169e-02, -2.07525361e-02, -4.12882678e-03, 9.68740601e-03,
       -1.61345825e-02, -2.36603972e-02, -2.45683417e-02,
       -2.41563879e-02, -6.50644768e-04, -2.40188539e-02, 1.01819765e-02,
       1.56738795e-02, -4.12840582e-02, -1.68313738e-02, -3.32034007e-02,
       -1.34963049e-02, -6.02514669e-03, -2.51352116e-02, 2.82427631e-02,
       1.00015700e-02, -1.93794735e-03, 1.02417888e-02, 2.35062465e-02,
       1.30296145e-02, 1.30565073e-02, -1.28154838e-02, 1.07161887e-02,
       3.55913341e-02, 1.65191032e-02, 3.82559970e-02, -1.73787568e-02,
       -1.15952799e-02, -2.18261536e-02, 3.18025984e-03, -1.04563758e-02,
       -3.08324341e-02, -5.82171464e-03, 1.38121042e-02, 2.37614512e-02,
       -3.54129560e-02, 1.60861462e-02, 1.29154446e-02, 4.49331030e-02,
       1.21300323e-02, -3.80920805e-02, -9.50933900e-03, -2.01676767e-02,
       -1.81279276e-02, -3.15105505e-02, -9.16300807e-03,
       -2.86623128e-02, 1.97996330e-02, -7.08469376e-03, -2.46304553e-03,
